accuracy: 0.9473684210526315
dt: 49.875752210617065
fsize: 223264
