accuracy: 0.7851335656213705
dt: 273.3547947406769
fsize: 223264
