accuracy: 0.9108594657375145
dt: 265.4860415458679
fsize: 223264
