accuracy: 0.9224738675958188
dt: 269.8649756908417
fsize: 223264
