accuracy: 0.9165154264972777
dt: 46.71900177001953
fsize: 223264
