accuracy: 0.9267605633802817
dt: 32.21046710014343
fsize: 223264
