accuracy: 0.952112676056338
dt: 29.724000453948975
fsize: 223264
