accuracy: 0.9032258064516129
dt: 528.3136003017426
fsize: 329752
