accuracy: 0.9437386569872959
dt: 46.97183537483215
fsize: 223264
