accuracy: 0.9074410163339383
dt: 51.627638816833496
fsize: 223264
