accuracy: 0.675392670157068
dt: 33.29984903335571
fsize: 223264
