accuracy: 0.93717277486911
dt: 32.6425895690918
fsize: 223264
