accuracy: 0.9165154264972777
dt: 45.47822427749634
fsize: 223264
