accuracy: 0.9492957746478873
dt: 34.33156943321228
fsize: 223264
