accuracy: 0.9152148664343787
dt: 322.0697329044342
fsize: 223264
