accuracy: 0.9352112676056338
dt: 36.921449184417725
fsize: 223264
