accuracy: 0.9328493647912885
dt: 45.354002475738525
fsize: 223264
