accuracy: 0.8414183698596405
dt: 469.6413118839264
fsize: 329752
