accuracy: 0.9201451905626135
dt: 46.39828133583069
fsize: 223264
