accuracy: 0.921602787456446
dt: 279.6324350833893
fsize: 223264
