accuracy: 0.917828106852497
dt: 276.0135612487793
fsize: 223264
