accuracy: 0.9183303085299456
dt: 50.59764242172241
fsize: 223264
