accuracy: 0.9184088269454123
dt: 269.77819895744324
fsize: 223264
