accuracy: 0.9102787456445993
dt: 271.2922236919403
fsize: 223264
