accuracy: 0.9323943661971831
dt: 33.63544464111328
fsize: 223264
