accuracy: 0.9310344827586207
dt: 46.266157388687134
fsize: 223264
