accuracy: 0.9346642468239564
dt: 46.05899977684021
fsize: 223264
