accuracy: 0.9352112676056338
dt: 30.13260793685913
fsize: 223264
