accuracy: 0.9364791288566243
dt: 50.31660866737366
fsize: 223264
