accuracy: 0.9237749546279492
dt: 44.50500154495239
fsize: 223264
