accuracy: 0.9352112676056338
dt: 29.9610013961792
fsize: 223264
