accuracy: 0.952112676056338
dt: 35.09542679786682
fsize: 223264
