accuracy: 0.9147005444646098
dt: 51.502530574798584
fsize: 223264
