accuracy: 0.6606549596582819
dt: 197.69895124435425
fsize: 223264
