accuracy: 0.692453725676317
dt: 163.6624836921692
fsize: 223264
