accuracy: 0.9201451905626135
dt: 52.64221549034119
fsize: 223264
