accuracy: 0.9401088929219601
dt: 44.538002014160156
fsize: 223264
