accuracy: 0.9382940108892922
dt: 44.61943531036377
fsize: 223264
