accuracy: 0.6956414676188131
dt: 510.35921812057495
fsize: 329752
