accuracy: 0.9577464788732394
dt: 33.154869079589844
fsize: 223264
