accuracy: 0.9195702671312428
dt: 261.9301242828369
fsize: 223264
