accuracy: 0.9184088269454123
dt: 258.75186800956726
fsize: 223264
