accuracy: 0.9237749546279492
dt: 66.17178058624268
fsize: 223264
