accuracy: 0.007853403141361256
dt: 32.177972078323364
fsize: 223264
