accuracy: 0.9464788732394366
dt: 38.25334858894348
fsize: 223264
