accuracy: 0.9401088929219601
dt: 45.2875292301178
fsize: 223264
