accuracy: 0.5837683910773612
dt: 168.0826153755188
fsize: 223264
