accuracy: 0.9108593942378724
dt: 502.5222918987274
fsize: 329752
