accuracy: 0.93717277486911
dt: 31.966716051101685
fsize: 223264
