accuracy: 0.9183303085299456
dt: 56.875945806503296
fsize: 223264
