accuracy: 0.9195702671312428
dt: 269.4078538417816
fsize: 223264
