accuracy: 0.952112676056338
dt: 38.249759912490845
fsize: 223264
