accuracy: 0.941923774954628
dt: 45.06500172615051
fsize: 223264
