accuracy: 0.941923774954628
dt: 44.15900158882141
fsize: 223264
