accuracy: 0.9207091849298202
dt: 503.6243634223938
fsize: 329752
