accuracy: 0.9186991869918699
dt: 361.9329352378845
fsize: 223264
