accuracy: 0.9328493647912885
dt: 45.54637312889099
fsize: 223264
