accuracy: 0.8475609756097561
dt: 262.70560669898987
fsize: 223264
