accuracy: 0.6963350785340314
dt: 33.01279902458191
fsize: 223264
