accuracy: 0.9292196007259528
dt: 43.81000089645386
fsize: 223264
