accuracy: 0.9236353077816493
dt: 306.5424370765686
fsize: 223264
