accuracy: 0.841753774680604
dt: 272.1666328907013
fsize: 223264
