accuracy: 0.9408450704225352
dt: 32.81860637664795
fsize: 223264
