accuracy: 0.941923774954628
dt: 44.646758794784546
fsize: 223264
