accuracy: 0.941923774954628
dt: 53.79507565498352
fsize: 223264
