accuracy: 0.9237749546279492
dt: 45.78166460990906
fsize: 223264
