accuracy: 0.9492957746478873
dt: 30.803000688552856
fsize: 223264
