accuracy: 0.9237749546279492
dt: 50.2660653591156
fsize: 223264
