accuracy: 0.7318462268628382
dt: 167.04668617248535
fsize: 223264
