accuracy: 0.9549295774647887
dt: 35.49007797241211
fsize: 223264
