accuracy: 0.6919791172282866
dt: 171.2242910861969
fsize: 223264
