accuracy: 0.9382940108892922
dt: 46.298805952072144
fsize: 223264
