accuracy: 0.9352112676056338
dt: 41.046815633773804
fsize: 223264
