accuracy: 0.9401088929219601
dt: 49.09123754501343
fsize: 223264
