accuracy: 0.9237749546279492
dt: 46.55057430267334
fsize: 223264
