average accuracy results:
eval_deep_1_test.csv: 90.36353330947634
eval_deep_2_rnn_test.csv: 98.10423114113638
eval_dtree_1_n_test.csv: 95.7587703810793
eval_dtree_2_multioutput_test.csv: 97.96234903556169

top accuracy results:
eval_deep_1_test.csv: 96.18927279684605
eval_deep_2_rnn_test.csv: 98.2819106300017
eval_dtree_1_n_test.csv: 96.006054958111
eval_dtree_2_multioutput_test.csv: 98.07905088694959

